 Directors’ Report: Business Review
Financial highlights
2_www.regus.com
Revenue (£m) £1,055.1m
Operating proﬁt (£m) £86.0m
Proﬁt after tax (£m) £67.7m
Gross proﬁt (£m) £235.6m
Net cash balance (£m) £237.0m
Basic earnings per share (p) 7.1p
Delivering the promise
0
200
400
600
800
1000
1200
680.0
862.4
1,077.2
1,055.1
2009 2008 2007 2006
0
50
100
150
200
250
300
350
184.1
251.9
305.7
235.6
2009 2008 2007 2006
0
30
60
90
120
150
82.2
122.6
147.4
86.0
2009 2008 2007 2006
0
50
100
150
200
250
23.4
101.4
211.2
237.0
2009 2008 2007 2006
0
20
40
60
80
100
120
82.3
103.6
114.9
67.7
2009 2008 2007 2006
0
2
4
6
8
10
12
8.4
10.5
12.0
7.1
2009 2008 2007 2006
